15368368,15370464,386,210
15370464,15372112,387,229
15372112,15373168,388,201
15373168,15375520,389,202
15375520,15376432,390,200
15376432,15377888,391,221
15377888,15379152,392,204
15379152,15380304,393,203
15380304,15381680,394,220
15381680,15382880,395,222
15382880,15383488,396,218
15383488,15384144,397,217
15384144,15385888,398,230
15385888,15387312,399,209
15387312,15388912,400,223
15388912,15389840,401,234
15389840,15391584,402,231
15391584,15392400,403,232
15392400,15393696,404,219
15393696,15394608,405,235
15394608,15395968,406,224
15395968,15399936,407,215
15399936,15401008,408,227
15401008,15401440,409,233